================================================================================
HIERARCHICAL ERROR ANALYSIS REPORT (ISCO LEVELS)
================================================================================
Source Text-Only  : /dss/dssmcmlfs01/pr74ze/pr74ze-dss-0001/ra95kix2/results/cpp/decorte/job_title_desc/scores/test_scores_text.pkl
Source Skill-Only : /dss/dssmcmlfs01/pr74ze/pr74ze-dss-0001/ra95kix2/results/cpp/decorte/skills_only_pjmath_desc_weighted_idf_logpool_adv/scores/test_scores_text.pkl
Source Hybrid     : /dss/dssmcmlfs01/pr74ze/pr74ze-dss-0001/ra95kix2/results/cpp/decorte_static/job_titles_skills_pjmath_desc_weighted_idf_logpool_adv_2/scores/test_scores_text.pkl
ESCO Reference    : data/occupations_en.csv

Number of distinct groups in level 1: 9
Number of distinct groups in level 2: 33
Number of distinct groups in level 3: 78
Number of distinct groups in level 4: 157

--- ISCO LEVEL 1 ANALYSIS ---
Code  Count    MRR_T    MRR_S    MRR_H  Med_T  Med_H  Diff_H_T
   2    617 0.308709 0.272521 0.320966   20.0   14.0  0.012257
   1    468 0.323332 0.287151 0.309273   10.0    9.5 -0.014059
   3    351 0.205664 0.195158 0.209567   39.0   31.0  0.003904
   4    159 0.195121 0.149176 0.199888   52.0   40.0  0.004767
   5    137 0.193536 0.129270 0.165532   23.0   25.0 -0.028004
   8     31 0.164987 0.034149 0.151557  142.0  127.0 -0.013429
   7     25 0.024117 0.014911 0.019349   48.0   45.0 -0.004768
   9     13 0.119049 0.108650 0.177905   49.0   53.0  0.058857
--------------------------------------------------------------------------------

--- ISCO LEVEL 2 ANALYSIS ---
Code  Count    MRR_T    MRR_S    MRR_H  Med_T  Med_H  Diff_H_T
  24    308 0.343598 0.318379 0.358080   10.0    7.0  0.014482
  12    236 0.378894 0.351975 0.358896    5.0    5.0 -0.019998
  33    186 0.125100 0.120368 0.125483   50.5   42.0  0.000383
  13    152 0.244003 0.186228 0.234681   41.0   30.0 -0.009323
  25     97 0.383116 0.261346 0.361091    7.0    9.0 -0.022025
  34     95 0.393242 0.401228 0.402984    6.0    6.0  0.009742
  21     92 0.271889 0.271304 0.306274   30.5   17.0  0.034385
  14     77 0.322054 0.298779 0.315661    5.0    5.0 -0.006393
  52     76 0.191511 0.134397 0.149667   21.5   33.0 -0.041843
  23     70 0.212502 0.175268 0.224062   42.0   40.5  0.011560
  42     48 0.216783 0.258833 0.250018   50.5   41.5  0.033235
  31     45 0.222796 0.167188 0.252643   60.0   25.0  0.029847
  44     43 0.262073 0.163066 0.275099   59.0   51.0  0.013026
  51     36 0.213402 0.140488 0.214452   13.0   13.0  0.001050
  26     35 0.016279 0.013285 0.022769  117.0  114.0  0.006490
  43     34 0.119039 0.046879 0.068712   30.5   22.5 -0.050327
  41     34 0.155948 0.079097 0.165173   61.5   61.5  0.009225
  83     23 0.219911 0.043957 0.201888  144.0   80.0 -0.018024
  53     23 0.183819 0.104022 0.152258   58.0   52.0 -0.031561
  32     17 0.080740 0.014723 0.022452   89.0   75.0 -0.058288
  22     15 0.468272 0.469374 0.537539    3.0    3.0  0.069268
  74     12 0.014582 0.014478 0.014548   97.0  115.0 -0.000034
  35      8 0.020367 0.027715 0.023019   57.0   43.5  0.002652
  93      8 0.159030 0.147783 0.258816   63.5   44.0  0.099785
  75      7 0.047318 0.020001 0.026131   17.0   40.0 -0.021187
  72      6 0.016117 0.009839 0.021040   67.0   52.5  0.004923
  81      6 0.007603 0.006914 0.007613  133.5  136.0  0.000011
--------------------------------------------------------------------------------

--- ISCO LEVEL 3 ANALYSIS ---
Top 5 Improved (MRR):
Code  Count    MRR_T    MRR_S    MRR_H  Med_T  Med_H  Diff_H_T
 512      9 0.407518 0.415315 0.592705    3.0    3.0  0.185187
 314      8 0.104623 0.456780 0.283781   24.5    4.0  0.179159
 226      6 0.335791 0.292879 0.504441   54.5   25.0  0.168650
 931      5 0.243854 0.232050 0.405299   13.0    2.0  0.161445
 216     43 0.536934 0.544249 0.586538    2.0    1.0  0.049604
Worst 5 Regressed (MRR):
Code  Count    MRR_T    MRR_S    MRR_H  Med_T  Med_H  Diff_H_T
 514     16 0.233980 0.043898 0.112645    6.0   13.5 -0.121335
 522     38 0.172908 0.085339 0.089906   24.0   49.5 -0.083002
 133     32 0.576477 0.354377 0.499423    2.0    2.0 -0.077054
 531     16 0.187189 0.038982 0.129660   63.0   65.5 -0.057529
 431     32 0.125254 0.049251 0.070862   24.0   22.5 -0.054392
--------------------------------------------------------------------------------

--- ISCO LEVEL 4 ANALYSIS ---
Top 5 Improved (MRR):
Code  Count    MRR_T    MRR_S    MRR_H  Med_T  Med_H  Diff_H_T
5120      9 0.407518 0.415315 0.592705    3.0    3.0  0.185187
3141      8 0.104623 0.456780 0.283781   24.5    4.0  0.179159
9313      5 0.243854 0.232050 0.405299   13.0    2.0  0.161445
2413     12 0.207050 0.142092 0.311218    5.0    4.0  0.104168
2141      8 0.020893 0.036495 0.095190   60.0   45.5  0.074297
Worst 5 Regressed (MRR):
Code  Count    MRR_T    MRR_S    MRR_H  Med_T  Med_H  Diff_H_T
5246      5 0.378922 0.179167 0.182778    4.0    5.0 -0.196144
2519     13 0.244212 0.028393 0.098110    6.0   24.0 -0.146102
5142     16 0.233980 0.043898 0.112645    6.0   13.5 -0.121335
5223     35 0.187167 0.092229 0.097154   18.0   38.0 -0.090013
1222     37 0.750544 0.701237 0.661414    1.0    1.0 -0.089130
--------------------------------------------------------------------------------
